[83,75,63,59],[81,77,62,61],[85,77,63,60],[80,78,55,57],[75,76,62,56],[78,67,63,60],[75,72,62,58],[80,68,67,60],[83,75,64,63],[81,71,61,62]

[76,67,51,54],[77,65,51,53],[81,71,54,56],[81,73,54,56],[79,72,54,56],[82,73,54,56],[81,73,55,57],[81,73,55,57],[81,67,55,55],[77,68,49,53]

[77,65,45,56],[73,66,47,62],[75,64,51,51],[75,63,49,57],[76,64,46,55],[76,65,54,54],[76,64,48,54],[76,63,49,54],[73,64,50,54],[76,64,45,57]

[80,70,39,44],[84,78,40,43],[80,67,41,43],[75,64,45,45],[76,66,40,43],[75,65,39,44],[72,67,37,43],[72,75,37,44],[78,71,43,45],[81,66,45,52]

[80,81,44,56],[78,82,47,46],[82,81,44,49],[79,80,45,47],[81,84,45,50],[81,85,45,53],[75,82,45,54],[80,82,46,49],[82,82,48,52],[78,82,46,53]

[77,83,53,41],[72,80,51,40],[73,80,51,40],[75,85,51,40],[75,78,49,41],[77,77,49,41],[82,74,50,41],[77,77,46,41],[78,79,50,42],[74,78,49,43]

